# NÓS / POSTOS DE SAÚDE
nos = [
    "ALENCAR",
    "BORGES",
    "CENTRO",
    "DUARTE",
    "ESTEVES",
    "FREIRE",
    "GOMES",
    "HOLANDA",
    "INACIO",
    "JACINTO",
    "KAISER",
    "LACERDA",
    "MACEDO",
    "NOGUEIRA",
    "OLIVEIRA",
    "PACHECO",
    "QUEIROZ",
    "RIBEIRO",
    "SILVA",
    "TEIXEIRA",
    "UCHOA",
    "VASCONCELOS",
    "WAGNER",
    "XAVIER",
    "YORK",
    "ZAMBONI",
]

# ORDEM CRESCENTE
grafoCrescente = [
    ["GOMES", "RIBEIRO"],  # 0
    ["JACINTO", "PACHECO", "QUEIROZ"],
    ["JACINTO", "KAISER", "TEIXEIRA", "XAVIER"],
    ["MACEDO"],
    ["MACEDO", "YORK"],
    ["OLIVEIRA", "WAGNER"],
    ["ALENCAR"],
    ["NOGUEIRA"],
    ["QUEIROZ"],
    ["BORGES", "CENTRO", "SILVA"],
    ["CENTRO", "MACEDO", "YORK"],
    ["OLIVEIRA", "PACHECO", "UCHOA"],
    ["DUARTE", "ESTEVES", "KAISER", "NOGUEIRA"],
    ["HOLANDA", "MACEDO", "TEIXEIRA"],
    ["FREIRE", "LACERDA", "XAVIER"],
    ["BORGES", "LACERDA"],
    ["BORGES", "INACIO"],
    ["ALENCAR", "TEIXEIRA"],
    ["JACINTO", "YORK", "ZAMBONI"],
    ["CENTRO", "NOGUEIRA", "RIBEIRO", "WAGNER"],
    ["LACERDA"],
    ["YORK"],
    ["FREIRE", "TEIXEIRA"],
    ["CENTRO", "OLIVEIRA"],
    ["ESTEVES", "KAISER", "SILVA", "VASCONCELOS"],
    ["SILVA"],
]

# ORDEM DECRESCENTE
grafoDecrescente = [
    ["RIBEIRO","GOMES"],  # 0
    ["QUEIROZ", "PACHECO", "JACINTO"],
    ["XAVIER","TEIXEIRA", "JACINTO"],
    ["MACEDO"],
    ["YORK", "MACEDO"],
    ["WAGNER","OLIVEIRA"],
    ["ALENCAR"],
    ["NOGUEIRA"],
    ["QUEIROZ"],
    ["SILVA","CENTRO", "BORGES"],
    ["YORK", "MACEDO", "CENTRO"],
    ["UCHOA","PACHECO","OLIVEIRA"],
    ["NOGUEIRA", "KAISER", "ESTEVES", "DUARTE"],
    ["TEIXEIRA", "MACEDO", "HOLANDA"],
    ["XAVIER", "LACERDA", "FREIRE"],
    ["LACERDA", "BORGES"],
    ["INACIO", "BORGES"],
    ["TEIXEIRA", "ALENCAR"],
    ["ZAMBONI", "YORK", "JACINTO"],
    ["WAGNER", "RIBEIRO", "NOGUEIRA", "CENTRO"],
    ["LACERDA"],
    ["YORK"],
    ["TEIXEIRA", "FREIRE"],
    ["OLIVEIRA", "CENTRO"],
    ["VASCONCELOS", "SILVA", "KAISER", "ESTEVES"],
    ["SILVA"],
]



# GRAFO WITH WEIGHT
grafoPeso = [
    [["GOMES",11], ["RIBEIRO",9]],  # 0
    [["JACINTO",9], ["PACHECO",8], ["QUEIROZ",8]],
    [["JACINTO",9], ["KAISER",7], ["TEIXEIRA",5], ["XAVIER",5]],
    [["MACEDO",15]],
    [["MACEDO",11], ["YORK",9]],
    [["OLIVEIRA",10], ["WAGNER",7]],
    [["ALENCAR",11]],
    [["NOGUEIRA",9]],
    [["QUEIROZ",12]],
    [["BORGES",9], ["CENTRO",9], ["SILVA",6]],
    [["CENTRO",7], ["MACEDO",9], ["YORK",12]],
    [["OLIVEIRA",7], ["PACHECO",9], ["UCHOA",10]],
    [["DUARTE",15], ["ESTEVES",11], ["KAISER",9], ["NOGUEIRA",8]],
    [["HOLANDA",9], ["MACEDO",8], ["TEIXEIRA",10]],
    [["FREIRE",10], ["LACERDA",7], ["XAVIER",5]],
    [["BORGES",8], ["LACERDA",9]],
    [["BORGES",8], ["INACIO",12]],
    [["ALENCAR",9], ["TEIXEIRA",9]],
    [["JACINTO",6], ["YORK",9], ["ZAMBONI",9]],
    [["CENTRO",5], ["NOGUEIRA",10], ["RIBEIRO",9], ["WAGNER",8]],
    [["LACERDA",10]],
    [["YORK",15]],
    [["FREIRE",7], ["TEIXEIRA",8]],
    [["CENTRO",5], ["OLIVEIRA",5]],
    [["ESTEVES",9], ["KAISER",12], ["SILVA",9], ["VASCONCELOS",15]],
    [["SILVA",9]],
]

heuristicas = [
   [0,40,25,21,32,25,12,10,60,33,23,39,22,14,34,46,47,9,40,19,49,51,17,28,36,50],
   [40,0,15,45,26,18,50,39,19,9,20,12,30,29,7,9,8,30,9,20,18,22,25,12,17,14],
   [25,15,0,31,19,10,35,23,34,9,7,18,17,13,11,22,22,15,16,6,28,29,13,6,16,26],
   [21,45,31,0,24,37,18,12,62,36,24,49,15,18,42,53,50,23,41,28,59,46,31,37,32,49],
   [32,26,19,24,0,28,37,24,39,16,12,34,11,17,26,35,28,25,19,20,42,22,28,23,10,26],
   [25,18,10,37,28,0,36,27,36,17,17,13,25,19,10,21,26,16,22,9,23,36,8,7,24,30],
   [12,50,35,18,37,36,0,13,69,43,31,50,26,22,45,56,57,21,49,30,59,59,29,39,43,59],
   [10,39,23,12,24,27,13,0,56,30,18,40,16,9,33,45,44,12,36,19,49,45,21,28,30,46],
   [60,19,34,62,39,36,69,56,0,26,38,25,47,46,25,16,12,48,21,39,23,23,43,30,30,14],
   [33,9,9,36,16,17,43,30,26,0,12,19,24,25,11,18,14,25,6,15,27,20,22,10,8,16],
   [23,20,7,24,12,17,31,18,38,12,0,26,11,11,18,29,26,15,18,9,35,28,17,13,12,27],
   [39,12,18,49,34,13,50,40,25,19,26,0,41,37,7,9,18,29,20,21,10,34,21,12,27,26],
   [22,30,17,15,11,25,26,16,47,24,11,41,0,10,33,45,41,20,31,18,53,39,27,25,21,41],
   [14,29,13,18,17,19,22,9,56,25,11,37,10,0,30,42,41,10,32,13,49,43,19,23,26,44],
   [34,7,11,42,26,10,45,33,25,11,22,10,33,30,0,14,18,29,16,17,20,34,21,7,24,25], 
   [46,9,22,53,35,21,56,45,16,18,29,9,45,42,14,0,10,35,16,26,10,28,28,17,25,22], 
   [47,8,22,50,28,26,57,44,12,14,26,18,41,41,18,10,0,38,9,28,20,18,33,19,23,9], 
   [9,30,15,23,25,16,21,12,48,25,15,29,20,10,29,35,38,0,30,10,39,42,10,22,32,47],
   [40,9,16,41,19,22,49,36,21,6,18,20,31,32,16,16,9,30,0,22,26,15,33,17,12,11],
   [19,20,6,28,20,9,30,19,39,15,9,21,18,13,17,26,28,10,22,0,34,41,9,11,23,37],
   [49,18,28,59,42,23,59,49,23,27,35,10,53,49,20,10,20,39,26,34,0,45,36,27,40,34],
   [51,22,29,46,22,36,59,45,23,20,28,34,39,43,34,28,18,42,15,41,45,0,48,35,18,13],
   [17,25,13,31,28,8,29,21,43,22,17,21,27,19,21,28,33,10,33,9,36,48,0,15,33,43],
   [28,12,6,37,23,7,39,28,30,10,13,12,25,23,7,17,19,22,17,11,27,35,15,0,21,28],
   [36,17,16,32,10,24,43,30,30,8,12,27,21,26,24,25,23,32,12,23,40,18,33,21,0,20],
   [50,14,23,49,26,30,59,46,14,16,27,26,41,44,25,22,9,47,11,37,34,13,43,28,20,0]
]